# step, loss_train, loss_test, metrics_test
0.000000000000000000e+00 1.802563894067290423e-02 1.096094395127761995e-02 1.817961130605355233e-02 8.948301595080827564e-01 5.333653935025575244e-04 2.875450037933478462e-02 1.110846508514075001e-03 1.428253887473420695e-03 1.818590596512792423e-02 1.087628627608631243e-02 1.830312539148641962e-02 0.000000000000000000e+00 0.000000000000000000e+00 0.000000000000000000e+00 0.000000000000000000e+00 0.000000000000000000e+00
1.000000000000000000e+03 5.109334378461319673e-03 1.199817025848836337e-02 1.771870511725594233e-02 4.999213078439188919e-03 2.723501072425695674e-04 7.974723819268251515e-04 1.005994597560466730e-04 5.926449947037563254e-03 4.866800076660871346e-03 1.176179416497033503e-02 1.660795409233098777e-02 0.000000000000000000e+00 0.000000000000000000e+00 0.000000000000000000e+00 0.000000000000000000e+00 0.000000000000000000e+00
2.000000000000000000e+03 5.918210242697572246e-03 9.212710479545471731e-03 1.645306493919927032e-02 3.069352536588434294e-03 2.708396679854590877e-04 6.238054211394580047e-04 5.135807061523709784e-04 4.668202562952594031e-03 5.590527185704895555e-03 9.078395078220368938e-03 1.534597111662486073e-02 0.000000000000000000e+00 0.000000000000000000e+00 0.000000000000000000e+00 0.000000000000000000e+00 0.000000000000000000e+00
3.000000000000000000e+03 6.298935741801290830e-03 8.102437064398497479e-03 1.595549116025931843e-02 1.929939598690079373e-03 9.814945778726074776e-05 5.359896126843832157e-04 5.262383680868467544e-04 3.002048532039751447e-03 5.946272730928814712e-03 8.097553558259583048e-03 1.486671762460517292e-02 0.000000000000000000e+00 0.000000000000000000e+00 0.000000000000000000e+00 0.000000000000000000e+00 0.000000000000000000e+00
4.000000000000000000e+03 6.526300156139640783e-03 7.348640348720400679e-03 1.329000442674056412e-02 1.435117794006841255e-03 8.521794851827491752e-05 4.132386103112658431e-04 3.115659859484655870e-04 2.104507461622425867e-03 6.148558698794170246e-03 7.408815358232840112e-03 1.200491123319969572e-02 0.000000000000000000e+00 0.000000000000000000e+00 0.000000000000000000e+00 0.000000000000000000e+00 0.000000000000000000e+00
5.000000000000000000e+03 6.116972803451115569e-03 7.541178767061871430e-03 1.135116898049842900e-02 1.393945688418047344e-03 9.674540546173730131e-05 3.867991140412117574e-04 2.759112428794127572e-04 1.775707721273087547e-03 5.734594430224651020e-03 7.671993833704377451e-03 9.849820628334126499e-03 0.000000000000000000e+00 0.000000000000000000e+00 0.000000000000000000e+00 0.000000000000000000e+00 0.000000000000000000e+00
6.000000000000000000e+03 5.841011588982652700e-03 7.029084061980275626e-03 1.045046597563257379e-02 1.429841337292740234e-03 1.021867150845248652e-04 2.993205220479056104e-04 1.905550057496986985e-04 1.646622677966636103e-03 5.469910948535393162e-03 7.179737801428211393e-03 8.784471173020596407e-03 0.000000000000000000e+00 0.000000000000000000e+00 0.000000000000000000e+00 0.000000000000000000e+00 0.000000000000000000e+00
7.000000000000000000e+03 5.557505047181529427e-03 6.759015247715161046e-03 9.650366003802767628e-03 1.424718667561352715e-03 8.693599185894437635e-05 3.049005273955139096e-04 1.218051101545023580e-04 1.539915886919698482e-03 5.207670920436140681e-03 6.888348050598780241e-03 7.850647236390213488e-03 0.000000000000000000e+00 0.000000000000000000e+00 0.000000000000000000e+00 0.000000000000000000e+00 0.000000000000000000e+00
8.000000000000000000e+03 5.244535623294974483e-03 5.933579518371078290e-03 8.935695039745852886e-03 1.072705761968171037e-03 6.859438953615787447e-05 2.645193355466198470e-04 1.046717387067285193e-04 1.333949455676417895e-03 4.909910978462972073e-03 6.002373261941671562e-03 7.063110085922761142e-03 0.000000000000000000e+00 0.000000000000000000e+00 0.000000000000000000e+00 0.000000000000000000e+00 0.000000000000000000e+00
9.000000000000000000e+03 5.033950892678777829e-03 5.605649352495641058e-03 8.629018753661532939e-03 8.439424619644822706e-04 5.068762091255662463e-05 1.926413594669355346e-04 8.447009237198713043e-05 1.230221320023270996e-03 4.690057651791506264e-03 5.611952760482590875e-03 6.644588421024662066e-03 0.000000000000000000e+00 0.000000000000000000e+00 0.000000000000000000e+00 0.000000000000000000e+00 0.000000000000000000e+00
1.000000000000000000e+04 4.494888225676940512e-03 4.988751236162748681e-03 8.366871941733893675e-03 6.894070536157999047e-04 6.608005038003577302e-05 1.541476164761201384e-04 9.584696639400064767e-05 1.043012287923446215e-03 4.121160953103863642e-03 4.944587295111838032e-03 6.327103247637805815e-03 0.000000000000000000e+00 0.000000000000000000e+00 0.000000000000000000e+00 0.000000000000000000e+00 0.000000000000000000e+00
1.100000000000000000e+04 3.814832723813988552e-03 4.663684739268548693e-03 8.112410645179913421e-03 6.927401578143168020e-04 6.976313961605815149e-05 8.620472021265115816e-05 1.272096867007955459e-04 8.491933256720590219e-04 3.457483415248803569e-03 4.593103923567145794e-03 6.163733212466725002e-03 0.000000000000000000e+00 0.000000000000000000e+00 0.000000000000000000e+00 0.000000000000000000e+00 0.000000000000000000e+00
1.200000000000000000e+04 2.944105349911806807e-03 4.485670417100884842e-03 7.657347989352978126e-03 5.878060476536704684e-04 8.158383055351816726e-05 6.768783108239064146e-05 8.855072016949939084e-05 8.545689253544802100e-04 2.640224548344637968e-03 4.457019231953581774e-03 5.944137565808514136e-03 0.000000000000000000e+00 0.000000000000000000e+00 0.000000000000000000e+00 0.000000000000000000e+00 0.000000000000000000e+00
1.300000000000000000e+04 2.509085970133790016e-03 4.387042525352463640e-03 7.144330808131883412e-03 5.620502339620915902e-04 9.145255553004765436e-05 6.124650222002399357e-05 7.191560267916851192e-05 7.521857037648525422e-04 2.231389207948179798e-03 4.367252257728979938e-03 5.597498359174024087e-03 0.000000000000000000e+00 0.000000000000000000e+00 0.000000000000000000e+00 0.000000000000000000e+00 0.000000000000000000e+00
1.400000000000000000e+04 2.265424923251277336e-03 3.939213310966663446e-03 7.211739989020377745e-03 5.411988912646387021e-04 1.152169209297690107e-04 4.252760677387848492e-05 3.350851285119949447e-05 6.656736821837738608e-04 2.010788092826346334e-03 3.920534458690669473e-03 5.755631581041266952e-03 0.000000000000000000e+00 0.000000000000000000e+00 0.000000000000000000e+00 0.000000000000000000e+00 0.000000000000000000e+00
1.500000000000000000e+04 2.156146503312223774e-03 3.734213726308509545e-03 6.979220059148434803e-03 5.352192554608358344e-04 1.360449227747999724e-04 5.182259122404722412e-05 3.429568908265567817e-05 6.061721031823852530e-04 1.904025587860636200e-03 3.727501565169268408e-03 5.643386833888604237e-03 0.000000000000000000e+00 0.000000000000000000e+00 0.000000000000000000e+00 0.000000000000000000e+00 0.000000000000000000e+00
1.600000000000000000e+04 1.979832342445634295e-03 3.605352436328910972e-03 6.702622659611231180e-03 5.749309845484131464e-04 1.339975920739493957e-04 4.970900225815268441e-05 4.627389639549111459e-05 5.325071957059441695e-04 1.758013675365872495e-03 3.599540543079237428e-03 5.477472795316987338e-03 0.000000000000000000e+00 0.000000000000000000e+00 0.000000000000000000e+00 0.000000000000000000e+00 0.000000000000000000e+00
1.700000000000000000e+04 1.942936996812815809e-03 3.419741306163402803e-03 6.716251420139519868e-03 4.961786976662033513e-04 1.504431626244693340e-04 5.208343924249289857e-05 4.560240530050844760e-05 4.847662986821722297e-04 1.734200858433129679e-03 3.426818097106283829e-03 5.532143067876874910e-03 0.000000000000000000e+00 0.000000000000000000e+00 0.000000000000000000e+00 0.000000000000000000e+00 0.000000000000000000e+00
1.800000000000000000e+04 1.923289809474971763e-03 3.218496051530982116e-03 6.551850888998277458e-03 5.700911386740986804e-04 1.485022825647353451e-04 5.206162884110097867e-05 5.633809332904351721e-05 4.186160005318280723e-04 1.737545964983978636e-03 3.223046373482465251e-03 5.421694266758305021e-03 0.000000000000000000e+00 0.000000000000000000e+00 0.000000000000000000e+00 0.000000000000000000e+00 0.000000000000000000e+00
1.900000000000000000e+04 1.824517121801572410e-03 3.153372776235450255e-03 6.520010844263373316e-03 5.274321988747980193e-04 1.671686858833426712e-04 5.246112181880817197e-05 4.401145416827164443e-05 3.959840447086000444e-04 1.653864961921943473e-03 3.159644234213645521e-03 5.398209537894736731e-03 0.000000000000000000e+00 0.000000000000000000e+00 0.000000000000000000e+00 0.000000000000000000e+00 0.000000000000000000e+00
2.000000000000000000e+04 1.830113254569103393e-03 3.272262839613869056e-03 6.421079443005552924e-03 4.458781726026865132e-04 1.522232705409006859e-04 6.250070757442295068e-05 3.745440936761040482e-05 3.814749809217196381e-04 1.667719934462501318e-03 3.306172039410435436e-03 5.315784044533968140e-03 0.000000000000000000e+00 0.000000000000000000e+00 0.000000000000000000e+00 0.000000000000000000e+00 0.000000000000000000e+00
2.100000000000000000e+04 1.757201570882479646e-03 2.883856134518573977e-03 6.272984580322797307e-03 4.826906508380740014e-04 2.138204791487735373e-04 7.284602335555551329e-05 6.615787806242669287e-05 3.276921183232666909e-04 1.614380153642880431e-03 2.900575827385888390e-03 5.203342089385836096e-03 0.000000000000000000e+00 0.000000000000000000e+00 0.000000000000000000e+00 0.000000000000000000e+00 0.000000000000000000e+00
2.200000000000000000e+04 1.742479239529435902e-03 2.901942561471638083e-03 6.071166927015007528e-03 4.207388219085863657e-04 2.315527645839488826e-04 8.402861325719182984e-05 2.625486922602660186e-05 3.265413379452378911e-04 1.620381194970634204e-03 2.925377574516109438e-03 5.015726159433393436e-03 0.000000000000000000e+00 0.000000000000000000e+00 0.000000000000000000e+00 0.000000000000000000e+00 0.000000000000000000e+00
2.300000000000000000e+04 1.713487598225888614e-03 2.838130977261677304e-03 6.080433967626995562e-03 3.985101064637825373e-04 2.281322946647170824e-04 8.012048529786340361e-05 2.973165104301410633e-05 2.975950076266600450e-04 1.599267627461043980e-03 2.879455386904318428e-03 5.057875111308895132e-03 0.000000000000000000e+00 0.000000000000000000e+00 0.000000000000000000e+00 0.000000000000000000e+00 0.000000000000000000e+00
2.400000000000000000e+04 1.698679218854284119e-03 2.762664756693027860e-03 5.915329004010056596e-03 4.191697286124441936e-04 2.085015122353229937e-04 8.056922686203011837e-05 2.820016505073001182e-05 3.099294406931989133e-04 1.589094101331269427e-03 2.806385966153057080e-03 4.958101225974405335e-03 0.000000000000000000e+00 0.000000000000000000e+00 0.000000000000000000e+00 0.000000000000000000e+00 0.000000000000000000e+00
2.500000000000000000e+04 1.677634470685982707e-03 2.704191251282437886e-03 5.685258068061369366e-03 4.827572304127357113e-04 2.066726516326106123e-04 8.341532771534066371e-05 4.350732371278883564e-05 2.623314207808813631e-04 1.574285159824442880e-03 2.744785292312429056e-03 4.777757822033911091e-03 0.000000000000000000e+00 0.000000000000000000e+00 0.000000000000000000e+00 0.000000000000000000e+00 0.000000000000000000e+00
2.600000000000000000e+04 1.619520689024381548e-03 2.757370274244834614e-03 5.459230108781754250e-03 3.935253644799306498e-04 2.128659173850694559e-04 9.129288767446289892e-05 3.922123175597706936e-05 2.494036799065324798e-04 1.516929304874771890e-03 2.805708289095166282e-03 4.602510999471038679e-03 0.000000000000000000e+00 0.000000000000000000e+00 0.000000000000000000e+00 0.000000000000000000e+00 0.000000000000000000e+00
2.700000000000000000e+04 1.602441769349799818e-03 2.691803474013940069e-03 5.132335920002777108e-03 3.482943796213138995e-04 2.393083784268280748e-04 1.326412503480551045e-04 4.292938881246945935e-05 2.492331676121503051e-04 1.504475977238951996e-03 2.731987765566033267e-03 4.330362576443900352e-03 0.000000000000000000e+00 0.000000000000000000e+00 0.000000000000000000e+00 0.000000000000000000e+00 0.000000000000000000e+00
2.800000000000000000e+04 1.607308316022165251e-03 2.441317122725018222e-03 5.219204980785792716e-03 3.902676792235377340e-04 2.210798717142683167e-04 1.122734295905117779e-04 2.317130724762134282e-05 2.304928663874300347e-04 1.514586097480664873e-03 2.498790017214557336e-03 4.444992835781150925e-03 0.000000000000000000e+00 0.000000000000000000e+00 0.000000000000000000e+00 0.000000000000000000e+00 0.000000000000000000e+00
2.900000000000000000e+04 1.610706114540473620e-03 2.505893754434748537e-03 4.774206963220259219e-03 3.557941696849018605e-04 2.338238065683417117e-04 1.311706067952120378e-04 6.837007289339235602e-05 2.225428733877906089e-04 1.526282303852248817e-03 2.549537435285026930e-03 4.080176578322837998e-03 0.000000000000000000e+00 0.000000000000000000e+00 0.000000000000000000e+00 0.000000000000000000e+00 0.000000000000000000e+00
3.000000000000000000e+04 1.607055149363934227e-03 2.366180522436392604e-03 4.632625168327478282e-03 3.883516018391579869e-04 2.355794334246716435e-04 1.308906953347731739e-04 5.375512792136467275e-05 2.029581134740009651e-04 1.523246017548997213e-03 2.413568048683328252e-03 4.012905732448472304e-03 0.000000000000000000e+00 0.000000000000000000e+00 0.000000000000000000e+00 0.000000000000000000e+00 0.000000000000000000e+00
3.100000000000000000e+04 1.558522165424917807e-03 2.342082419584659223e-03 4.651954645930169406e-03 3.686543087430403545e-04 2.268281715670083935e-04 1.266459719201319049e-04 5.088354631414359583e-05 1.881092338171415357e-04 1.472201170834758687e-03 2.388522137886831421e-03 4.036955122628150747e-03 0.000000000000000000e+00 0.000000000000000000e+00 0.000000000000000000e+00 0.000000000000000000e+00 0.000000000000000000e+00
3.200000000000000000e+04 1.529869787183700709e-03 2.254054174334559502e-03 4.541401466561080166e-03 3.679473391877627624e-04 2.422772773190335119e-04 1.541435856258827801e-04 3.174857425224660663e-05 1.931207152369916432e-04 1.449393241427661492e-03 2.294486279290709578e-03 3.918799300133946062e-03 0.000000000000000000e+00 0.000000000000000000e+00 0.000000000000000000e+00 0.000000000000000000e+00 0.000000000000000000e+00
3.300000000000000000e+04 1.586132415756888849e-03 2.272081831501070702e-03 4.548949329327590420e-03 3.245737726325957444e-04 2.212265832372843817e-04 1.367187595584946880e-04 2.815696260449798954e-05 1.933187760656861014e-04 1.509257832476304430e-03 2.312600727109499071e-03 3.935426478426341627e-03 0.000000000000000000e+00 0.000000000000000000e+00 0.000000000000000000e+00 0.000000000000000000e+00 0.000000000000000000e+00
3.400000000000000000e+04 1.496159238992686262e-03 2.448350944793256396e-03 4.490712972943799314e-03 2.947098857348836990e-04 2.051663917425200219e-04 1.179206202964205608e-04 2.533534231221723143e-05 1.941372596728656091e-04 1.423848390089307338e-03 2.488198268042046950e-03 3.930252966890195911e-03 0.000000000000000000e+00 0.000000000000000000e+00 0.000000000000000000e+00 0.000000000000000000e+00 0.000000000000000000e+00
3.500000000000000000e+04 1.421725258473290066e-03 2.105112248273273163e-03 4.467873045225055281e-03 3.398875979363105248e-04 2.416714788326584441e-04 1.608634599622874636e-04 2.792812553877247668e-05 1.839497371606578567e-04 1.348854903146455434e-03 2.150896764117072799e-03 3.897369042654746409e-03 0.000000000000000000e+00 0.000000000000000000e+00 0.000000000000000000e+00 0.000000000000000000e+00 0.000000000000000000e+00
3.600000000000000000e+04 1.397592910595772198e-03 2.211520866823505575e-03 4.646847428929808295e-03 3.904964214504475081e-04 2.127517583499409048e-04 9.836147013682946649e-05 6.575321908123361522e-05 1.735106784319320088e-04 1.328826442026415870e-03 2.262796546095121458e-03 4.101703874107506809e-03 0.000000000000000000e+00 0.000000000000000000e+00 0.000000000000000000e+00 0.000000000000000000e+00 0.000000000000000000e+00
3.700000000000000000e+04 1.391656686514335843e-03 2.072958353030664343e-03 4.347009879158596386e-03 3.535841360485231363e-04 2.376931698380410944e-04 1.359882878498501837e-04 2.387026458492913779e-05 1.680555370852909714e-04 1.320447302831214732e-03 2.115545522383483618e-03 3.831351027889302614e-03 0.000000000000000000e+00 0.000000000000000000e+00 0.000000000000000000e+00 0.000000000000000000e+00 0.000000000000000000e+00
3.800000000000000000e+04 1.415093849464558236e-03 2.085013506383380250e-03 4.147195973537754106e-03 3.676184564738245084e-04 2.240481513953682406e-04 1.389730680937841640e-04 4.705792340528678480e-05 1.574381674404114499e-04 1.352672914748413377e-03 2.138377355226689543e-03 3.674325715517658564e-03 0.000000000000000000e+00 0.000000000000000000e+00 0.000000000000000000e+00 0.000000000000000000e+00 0.000000000000000000e+00
3.900000000000000000e+04 1.352023782195688802e-03 2.085307248994573009e-03 4.088931990898631019e-03 3.639440382888552649e-04 2.252034158915243900e-04 1.578078008201248285e-04 2.973864454220093165e-05 1.503669369768097014e-04 1.291386969986567899e-03 2.137180251786384953e-03 3.606814451482090716e-03 0.000000000000000000e+00 0.000000000000000000e+00 0.000000000000000000e+00 0.000000000000000000e+00 0.000000000000000000e+00
4.000000000000000000e+04 1.381763398851608470e-03 2.022199686774691935e-03 3.880693344644482387e-03 3.606133861520302987e-04 2.282682737370578729e-04 1.702098317508639531e-04 3.646434531630951141e-05 1.395512249859988721e-04 1.318297323541381362e-03 2.070189087025645427e-03 3.428065374484553715e-03 0.000000000000000000e+00 0.000000000000000000e+00 0.000000000000000000e+00 0.000000000000000000e+00 0.000000000000000000e+00
4.100000000000000000e+04 1.304392960328383359e-03 1.954594831538959687e-03 4.026647587163473610e-03 3.728636450210144355e-04 2.298595915658527093e-04 1.810305956563820675e-04 2.354713826372744611e-05 1.550666698844315719e-04 1.240794875541569725e-03 2.009153429313844091e-03 3.583214893753625292e-03 0.000000000000000000e+00 0.000000000000000000e+00 0.000000000000000000e+00 0.000000000000000000e+00 0.000000000000000000e+00
4.200000000000000000e+04 1.370817894401233283e-03 1.981386706106113595e-03 3.853064466944186670e-03 3.246621315901923859e-04 2.218326291179786457e-04 1.616547704320078847e-04 4.467998333347628786e-05 1.647180295666002573e-04 1.312433491989607043e-03 2.032726956932309759e-03 3.431317276053664437e-03 0.000000000000000000e+00 0.000000000000000000e+00 0.000000000000000000e+00 0.000000000000000000e+00 0.000000000000000000e+00
4.300000000000000000e+04 1.311101062530418407e-03 1.854655790234022725e-03 4.072602342178294199e-03 3.574233191063214414e-04 2.292424789125810586e-04 1.651849254518480178e-04 3.166330620149652276e-05 1.672707021115585791e-04 1.250667708923140905e-03 1.887566255259008835e-03 3.580844802977000557e-03 0.000000000000000000e+00 0.000000000000000000e+00 0.000000000000000000e+00 0.000000000000000000e+00 0.000000000000000000e+00
4.400000000000000000e+04 1.318493135530139420e-03 2.015870998821815089e-03 3.892954969063982390e-03 3.075212534193184606e-04 2.097856871857835216e-04 1.495431605076496802e-04 1.780390419178261649e-05 1.280473126120181698e-04 1.260088474332816434e-03 2.069327454809387346e-03 3.447778464233272784e-03 0.000000000000000000e+00 0.000000000000000000e+00 0.000000000000000000e+00 0.000000000000000000e+00 0.000000000000000000e+00
4.500000000000000000e+04 1.300218445044532814e-03 1.974315228771075792e-03 4.081882776816449926e-03 2.894307985161245051e-04 2.053994563306985326e-04 1.528843568620247349e-04 3.417183793696359221e-05 1.316829400760879010e-04 1.237512570891787476e-03 2.026978566114868551e-03 3.603282584833762334e-03 0.000000000000000000e+00 0.000000000000000000e+00 0.000000000000000000e+00 0.000000000000000000e+00 0.000000000000000000e+00
4.600000000000000000e+04 1.247735923654168157e-03 1.872792150707326903e-03 3.806400928325293954e-03 2.973622114224839207e-04 2.328882720902092471e-04 1.859807607239007880e-04 1.745678319377339847e-05 1.428271526022010238e-04 1.189804908893062193e-03 1.923560307570569648e-03 3.389922612947329252e-03 0.000000000000000000e+00 0.000000000000000000e+00 0.000000000000000000e+00 0.000000000000000000e+00 0.000000000000000000e+00
4.700000000000000000e+04 1.265042247213733501e-03 2.007182539078606557e-03 3.736611100640430377e-03 3.860926909923448748e-04 2.018509897758314720e-04 1.427642348403794601e-04 2.578224691593533472e-05 1.234108768374013920e-04 1.208017871325362371e-03 2.055625752151425505e-03 3.327429193327515258e-03 0.000000000000000000e+00 0.000000000000000000e+00 0.000000000000000000e+00 0.000000000000000000e+00 0.000000000000000000e+00
4.800000000000000000e+04 1.287186446121082626e-03 2.041825188257276671e-03 3.752697776417725402e-03 2.900010574295998843e-04 2.010728288304072494e-04 1.506775965331954474e-04 2.164369252134809693e-05 1.139950901515260101e-04 1.232899206560684980e-03 2.075080393990647813e-03 3.322359084388265462e-03 0.000000000000000000e+00 0.000000000000000000e+00 0.000000000000000000e+00 0.000000000000000000e+00 0.000000000000000000e+00
4.900000000000000000e+04 1.255443471943858309e-03 1.864326811741721501e-03 3.863283161802642807e-03 3.221023784973020771e-04 1.986948027457827615e-04 1.343031988225457259e-04 3.531222797859107326e-05 1.291330287275041793e-04 1.197283119677125572e-03 1.914451680121975405e-03 3.453944299703862013e-03 0.000000000000000000e+00 0.000000000000000000e+00 0.000000000000000000e+00 0.000000000000000000e+00 0.000000000000000000e+00
5.000000000000000000e+04 1.222143530359030535e-03 1.920577564312953272e-03 3.830195464024686944e-03 2.824257608314472085e-04 2.070860106136029758e-04 1.581393122572923005e-04 2.862686603598300209e-05 1.281915434315321616e-04 1.163771041829563110e-03 1.969563269190427891e-03 3.394775767747023557e-03 0.000000000000000000e+00 0.000000000000000000e+00 0.000000000000000000e+00 0.000000000000000000e+00 0.000000000000000000e+00
5.100000000000000000e+04 1.215352249574983565e-03 1.863298890178230385e-03 3.575389480732878850e-03 2.847340781254771450e-04 2.228778281618799622e-04 1.918247298754469988e-04 5.574388485403856323e-05 1.202609608760272543e-04 1.161922449015305534e-03 1.907916330201541626e-03 3.186420985972097941e-03 0.000000000000000000e+00 0.000000000000000000e+00 0.000000000000000000e+00 0.000000000000000000e+00 0.000000000000000000e+00
5.200000000000000000e+04 1.187175560624201959e-03 1.874400695816364404e-03 3.943610839803833416e-03 2.676211170426659827e-04 2.005098556737022503e-04 1.430968388028381960e-04 5.866743982327141669e-05 1.137959918316368036e-04 1.139097957119955063e-03 1.908913893208030689e-03 3.483011536280977791e-03 0.000000000000000000e+00 0.000000000000000000e+00 0.000000000000000000e+00 0.000000000000000000e+00 0.000000000000000000e+00
5.300000000000000000e+04 1.304112206920216488e-03 1.859782003533169779e-03 3.484181097372338314e-03 2.938074165075985262e-04 1.930293627878687274e-04 1.456443022615183625e-04 7.575733227349718229e-05 1.129254876585951395e-04 1.253588005505130130e-03 1.906068504290162925e-03 3.125446785743764798e-03 0.000000000000000000e+00 0.000000000000000000e+00 0.000000000000000000e+00 0.000000000000000000e+00 0.000000000000000000e+00
5.400000000000000000e+04 1.204964650527965688e-03 1.840591280383903090e-03 3.598111158789947094e-03 2.682022415290765695e-04 2.073374940634531373e-04 1.437387725593600976e-04 4.298251740419702468e-05 1.016333404800120983e-04 1.156224597239809658e-03 1.894168379999091982e-03 3.232300885228453925e-03 0.000000000000000000e+00 0.000000000000000000e+00 0.000000000000000000e+00 0.000000000000000000e+00 0.000000000000000000e+00
5.500000000000000000e+04 1.206379828684175579e-03 1.804664972274134778e-03 3.707147262759888113e-03 2.401200329463408034e-04 1.964264560197060523e-04 1.485672536173116974e-04 1.797893451475769509e-05 1.142807215183538492e-04 1.157489957925740944e-03 1.845270767253764195e-03 3.311256729628804692e-03 0.000000000000000000e+00 0.000000000000000000e+00 0.000000000000000000e+00 0.000000000000000000e+00 0.000000000000000000e+00
5.600000000000000000e+04 1.281435593366431333e-03 1.899440291916623322e-03 3.619118284284824575e-03 2.431363069288958439e-04 1.773831173823711086e-04 1.389652943957876772e-04 1.573723630594999547e-05 1.114491996316210447e-04 1.233792377708655850e-03 1.942307344559363784e-03 3.224521206514929447e-03 0.000000000000000000e+00 0.000000000000000000e+00 0.000000000000000000e+00 0.000000000000000000e+00 0.000000000000000000e+00
5.700000000000000000e+04 1.220545878572219063e-03 1.727965882905963110e-03 3.813549838077987496e-03 2.870419463950066113e-04 1.971777344895421979e-04 1.427927909803144611e-04 6.210492036791061428e-05 9.776893188438696113e-05 1.166900505189526942e-03 1.762809367669380132e-03 3.371724728827231628e-03 0.000000000000000000e+00 0.000000000000000000e+00 0.000000000000000000e+00 0.000000000000000000e+00 0.000000000000000000e+00
5.800000000000000000e+04 1.207926493853825681e-03 1.841494724007322354e-03 3.543633439489365933e-03 3.524777428050250290e-04 1.805811037743249329e-04 1.494315082953956821e-04 1.989442920958390303e-05 9.781141808909024702e-05 1.162794835710605950e-03 1.887421149328744269e-03 3.173273198592158669e-03 0.000000000000000000e+00 0.000000000000000000e+00 0.000000000000000000e+00 0.000000000000000000e+00 0.000000000000000000e+00
5.900000000000000000e+04 1.247281346822831562e-03 1.878083773626904951e-03 3.631661953099397586e-03 2.334550737627867926e-04 1.824035164359423045e-04 1.315265528528280527e-04 3.278271175908341957e-05 1.050984087006098702e-04 1.203212006426372183e-03 1.909827220897212640e-03 3.233868751171537718e-03 0.000000000000000000e+00 0.000000000000000000e+00 0.000000000000000000e+00 0.000000000000000000e+00 0.000000000000000000e+00
6.000000000000000000e+04 1.098309093615829719e-03 1.864578033115583825e-03 3.632868574849534762e-03 2.599477047161772962e-04 1.965798562948559884e-04 1.580501072196517154e-04 2.132341759189545255e-05 9.236693730081960358e-05 1.047334128683962383e-03 1.918432140257947047e-03 3.250043041044090638e-03 0.000000000000000000e+00 0.000000000000000000e+00 0.000000000000000000e+00 0.000000000000000000e+00 0.000000000000000000e+00
6.100000000000000000e+04 1.241463604892486085e-03 1.741409094760968789e-03 3.373883159585672632e-03 3.106774540488073757e-04 1.833508599044830257e-04 1.519430832400840746e-04 4.703583696642386712e-05 9.158942902854319459e-05 1.194672007466561362e-03 1.770175796349446155e-03 3.027658109293110498e-03 0.000000000000000000e+00 0.000000000000000000e+00 0.000000000000000000e+00 0.000000000000000000e+00 0.000000000000000000e+00
6.200000000000000000e+04 1.193358372484426165e-03 1.737502978429852039e-03 3.516471761186364987e-03 2.592755342349510367e-04 1.693481349630275622e-04 1.420963247120580531e-04 4.262353984409466732e-05 1.179527568352198053e-04 1.140318960617387909e-03 1.791210294559211769e-03 3.171059164202657925e-03 0.000000000000000000e+00 0.000000000000000000e+00 0.000000000000000000e+00 0.000000000000000000e+00 0.000000000000000000e+00
6.300000000000000000e+04 1.275657997695186585e-03 1.623080066942835225e-03 3.588615722302820714e-03 2.360344651594569972e-04 1.707872825974461389e-04 1.530389160351130053e-04 3.552845353382792082e-05 1.080945392890895259e-04 1.229606604784270465e-03 1.668846159743278806e-03 3.227513217685238755e-03 0.000000000000000000e+00 0.000000000000000000e+00 0.000000000000000000e+00 0.000000000000000000e+00 0.000000000000000000e+00
6.400000000000000000e+04 1.088529480837540546e-03 1.830534977193442030e-03 3.350622592755356233e-03 2.832653940645816311e-04 1.859096000656496744e-04 1.542081917941459928e-04 6.224072746959931715e-05 8.301375348497669576e-05 1.042557324120414264e-03 1.858632306123472310e-03 3.018269656683615111e-03 0.000000000000000000e+00 0.000000000000000000e+00 0.000000000000000000e+00 0.000000000000000000e+00 0.000000000000000000e+00
6.500000000000000000e+04 1.165376728431355034e-03 1.794139189474604126e-03 3.424244442332021604e-03 2.718078787962373809e-04 1.795029598230975514e-04 1.468976485716035139e-04 1.814036295466527754e-05 8.961249803713384056e-05 1.119734806576059031e-03 1.842942997129620166e-03 3.059574163988309711e-03 0.000000000000000000e+00 0.000000000000000000e+00 0.000000000000000000e+00 0.000000000000000000e+00 0.000000000000000000e+00
6.600000000000000000e+04 1.190501030418480294e-03 1.763095062824190842e-03 3.330670670906042512e-03 3.142096010034020202e-04 1.642817725676939901e-04 1.467355816972064049e-04 5.672616907817515180e-05 8.729916079468261452e-05 1.144038956269260608e-03 1.782456020252874435e-03 2.999649334252793478e-03 0.000000000000000000e+00 0.000000000000000000e+00 0.000000000000000000e+00 0.000000000000000000e+00 0.000000000000000000e+00
6.700000000000000000e+04 1.187226222765392931e-03 1.763415175872618717e-03 3.510469738047680699e-03 2.141326191825562904e-04 1.629923805949313174e-04 1.207201702989017399e-04 2.285588158432635343e-05 8.589945441624604488e-05 1.139693731474390173e-03 1.804003379961584752e-03 3.169209391381913512e-03 0.000000000000000000e+00 0.000000000000000000e+00 0.000000000000000000e+00 0.000000000000000000e+00 0.000000000000000000e+00
6.800000000000000000e+04 1.168373716816501883e-03 1.771899910929300480e-03 3.205018535374785319e-03 3.077677693677180492e-04 1.674484106065739968e-04 1.678955194592660115e-04 9.292124414714473504e-05 9.387887951794360753e-05 1.122077026602956353e-03 1.815116500466794174e-03 2.896001838787844781e-03 0.000000000000000000e+00 0.000000000000000000e+00 0.000000000000000000e+00 0.000000000000000000e+00 0.000000000000000000e+00
6.900000000000000000e+04 1.115991055420402847e-03 1.669013989723789693e-03 3.603665333794328803e-03 2.217694302228421577e-04 1.741313241886293414e-04 1.154726260618408056e-04 1.700133186174142109e-05 9.748973176751133340e-05 1.062967646079113334e-03 1.717950126857355339e-03 3.262427937888150425e-03 0.000000000000000000e+00 0.000000000000000000e+00 0.000000000000000000e+00 0.000000000000000000e+00 0.000000000000000000e+00
7.000000000000000000e+04 1.157070565949896166e-03 1.643097867053083675e-03 3.494134959284743523e-03 2.924192500314656720e-04 1.700374244010380742e-04 1.451228710344600785e-04 3.809794191333951179e-05 7.525145928842623541e-05 1.108575649245257047e-03 1.677199429378244209e-03 3.101732499008321917e-03 0.000000000000000000e+00 0.000000000000000000e+00 0.000000000000000000e+00 0.000000000000000000e+00 0.000000000000000000e+00
7.100000000000000000e+04 1.145049056342788705e-03 1.681337230444783894e-03 3.394716126445536213e-03 2.397547682446333366e-04 1.698085983380183980e-04 1.436362305111776015e-04 2.380575272080897196e-05 8.105546103671954579e-05 1.097640806660534797e-03 1.708765674710727720e-03 3.058631085837875893e-03 0.000000000000000000e+00 0.000000000000000000e+00 0.000000000000000000e+00 0.000000000000000000e+00 0.000000000000000000e+00
7.200000000000000000e+04 1.158883031545353661e-03 1.547520609334531545e-03 3.709195275036854169e-03 1.839514190048948685e-04 1.731387785328710187e-04 1.203791467689721865e-04 2.237157737123226533e-05 1.107213655542499555e-04 1.110217281278398724e-03 1.590361679151992879e-03 3.349679194621535839e-03 0.000000000000000000e+00 0.000000000000000000e+00 0.000000000000000000e+00 0.000000000000000000e+00 0.000000000000000000e+00
7.300000000000000000e+04 1.035931091921676785e-03 1.780749481506003562e-03 3.497827303061798974e-03 2.546640686275652055e-04 1.510343711315279393e-04 1.295522107739750784e-04 2.342741597209085981e-05 8.404697541519662643e-05 9.899343083819545606e-04 1.809644387729325435e-03 3.151134366415997683e-03 0.000000000000000000e+00 0.000000000000000000e+00 0.000000000000000000e+00 0.000000000000000000e+00 0.000000000000000000e+00
7.400000000000000000e+04 1.047395141889382632e-03 1.625535533271577288e-03 3.226361891342617843e-03 2.802997816669675567e-04 1.615500619491327234e-04 1.237055538495652454e-04 2.391481890509820441e-04 7.199076739420961308e-05 1.001808851404460254e-03 1.667700113216471179e-03 2.954747025289783911e-03 0.000000000000000000e+00 0.000000000000000000e+00 0.000000000000000000e+00 0.000000000000000000e+00 0.000000000000000000e+00
7.500000000000000000e+04 1.066919849856932164e-03 1.473036669854818365e-03 3.298971017051242297e-03 3.029422441011362776e-04 1.794448861008501232e-04 1.744308930777425590e-04 3.662443986607816584e-05 9.018871008017677099e-05 1.021704900978718513e-03 1.495298057570216979e-03 2.979478681373782297e-03 0.000000000000000000e+00 0.000000000000000000e+00 0.000000000000000000e+00 0.000000000000000000e+00 0.000000000000000000e+00
7.600000000000000000e+04 1.114839070786509964e-03 1.486134342684829798e-03 3.127989844546524584e-03 3.105805895000757319e-04 1.700942953435971821e-04 1.607108191441895156e-04 1.787236535667853434e-04 7.754006841096342396e-05 1.068198253058654347e-03 1.524313424384504548e-03 2.820990938687346818e-03 0.000000000000000000e+00 0.000000000000000000e+00 0.000000000000000000e+00 0.000000000000000000e+00 0.000000000000000000e+00
7.700000000000000000e+04 1.201771197474034653e-03 1.585228096573344965e-03 3.382036651141967758e-03 1.928473216212052866e-04 1.526782277426794014e-04 1.368739627351345895e-04 2.659654596734113469e-05 1.111681242912187053e-04 1.146341907104399564e-03 1.615792741286852440e-03 3.038992117583860092e-03 0.000000000000000000e+00 0.000000000000000000e+00 0.000000000000000000e+00 0.000000000000000000e+00 0.000000000000000000e+00
7.800000000000000000e+04 1.138431811237908958e-03 1.607323222297162360e-03 3.297411733419587307e-03 2.178969481655439384e-04 1.562714651997516944e-04 1.224783442689022876e-04 4.227282766190550769e-05 7.761891126157200718e-05 1.092764650845430476e-03 1.645926275397448582e-03 2.982432185760669138e-03 0.000000000000000000e+00 0.000000000000000000e+00 0.000000000000000000e+00 0.000000000000000000e+00 0.000000000000000000e+00
7.900000000000000000e+04 1.065051676849401415e-03 1.567484100683841537e-03 3.332082495639514773e-03 2.604439000562913382e-04 1.618063497474836487e-04 1.211144067396186766e-04 2.321792809987721575e-05 7.499136201429621297e-05 1.018256618456807186e-03 1.593074237462376247e-03 3.009674351640435896e-03 0.000000000000000000e+00 0.000000000000000000e+00 0.000000000000000000e+00 0.000000000000000000e+00 0.000000000000000000e+00
8.000000000000000000e+04 1.173768409204409453e-03 1.463169016685040994e-03 3.365544559703410182e-03 2.918752806212133121e-04 1.420511835350079914e-04 1.237634321658738208e-04 2.591350960133773887e-05 8.646393082863856232e-05 1.125147581157990824e-03 1.490782717639040598e-03 3.035934959669915265e-03 0.000000000000000000e+00 0.000000000000000000e+00 0.000000000000000000e+00 0.000000000000000000e+00 0.000000000000000000e+00
8.100000000000000000e+04 1.062999855910236151e-03 1.531472710077369384e-03 3.250432030381268395e-03 2.797434179107350922e-04 1.517556404349625489e-04 1.331556041314961396e-04 7.632852300970095554e-05 7.724503543325813074e-05 1.015888555331618094e-03 1.547570251407668187e-03 2.964880129230297937e-03 0.000000000000000000e+00 0.000000000000000000e+00 0.000000000000000000e+00 0.000000000000000000e+00 0.000000000000000000e+00
8.200000000000000000e+04 1.123579586650610019e-03 1.448142152900846200e-03 3.494266044832573196e-03 1.889280213763922379e-04 1.540314914443459957e-04 1.194265772265013702e-04 2.560943317940519276e-05 8.555803205282180531e-05 1.071374607769966019e-03 1.490217479153243835e-03 3.183659210333471701e-03 0.000000000000000000e+00 0.000000000000000000e+00 0.000000000000000000e+00 0.000000000000000000e+00 0.000000000000000000e+00
8.300000000000000000e+04 1.075687534004157167e-03 1.525682948514982479e-03 3.200420652186829109e-03 2.242848572975895494e-04 1.510952116984860415e-04 1.397110751322888633e-04 2.485442624010648091e-04 8.766193859109103822e-05 1.025649711200132212e-03 1.565095219988243188e-03 2.901495820194697345e-03 0.000000000000000000e+00 0.000000000000000000e+00 0.000000000000000000e+00 0.000000000000000000e+00 0.000000000000000000e+00
8.400000000000000000e+04 1.063732669311217302e-03 1.453496301615232224e-03 3.443145934996405706e-03 2.076584965586331295e-04 1.537219586420253544e-04 1.227916300175632084e-04 2.418921959953738486e-05 9.832919388581232590e-05 1.013159657337424965e-03 1.486564751634705328e-03 3.133554340237318121e-03 0.000000000000000000e+00 0.000000000000000000e+00 0.000000000000000000e+00 0.000000000000000000e+00 0.000000000000000000e+00
8.500000000000000000e+04 1.081924900651746709e-03 1.614465346126991042e-03 3.002682970513162464e-03 3.014820853335564623e-04 1.518253819611871164e-04 1.224472951081730348e-04 1.912515497586349126e-04 7.432242451860758808e-05 1.033706816927985016e-03 1.625030113208879084e-03 2.727605821554637822e-03 0.000000000000000000e+00 0.000000000000000000e+00 0.000000000000000000e+00 0.000000000000000000e+00 0.000000000000000000e+00
8.600000000000000000e+04 1.060434236792679504e-03 1.540816578770582866e-03 3.618871555345069043e-03 2.227544581608762375e-04 1.370302842756441293e-04 1.045071151565228477e-04 8.500473423582208623e-05 8.658997067079529522e-05 1.014866036053208281e-03 1.539159730506565842e-03 3.270848665125706926e-03 0.000000000000000000e+00 0.000000000000000000e+00 0.000000000000000000e+00 0.000000000000000000e+00 0.000000000000000000e+00
8.700000000000000000e+04 1.121973146873011216e-03 1.340124767939120760e-03 3.479017882340575650e-03 2.251492519771710167e-04 1.498511678540179561e-04 1.195719219111133922e-04 1.933095212542493605e-05 8.522164468145051954e-05 1.073376049490408317e-03 1.363466419616381382e-03 3.146043603117388773e-03 0.000000000000000000e+00 0.000000000000000000e+00 0.000000000000000000e+00 0.000000000000000000e+00 0.000000000000000000e+00
8.800000000000000000e+04 1.121273788480610335e-03 1.455434857744319172e-03 3.270425139800291984e-03 1.687642740818127865e-04 1.458955001848272843e-04 1.078537677098967109e-04 1.461571849467351491e-04 9.166907708970501410e-05 1.071285199090540223e-03 1.490186203037357007e-03 2.984788389167770863e-03 0.000000000000000000e+00 0.000000000000000000e+00 0.000000000000000000e+00 0.000000000000000000e+00 0.000000000000000000e+00
8.900000000000000000e+04 1.002983218138928621e-03 1.484816353066071301e-03 3.328160735108580924e-03 2.529285257407011653e-04 1.349711991903260774e-04 1.163977335263227756e-04 3.806595342742618378e-05 8.242528191597762067e-05 9.557529059381490765e-04 1.521014877760404945e-03 3.025310524172034141e-03 0.000000000000000000e+00 0.000000000000000000e+00 0.000000000000000000e+00 0.000000000000000000e+00 0.000000000000000000e+00
9.000000000000000000e+04 1.035350139731246307e-03 1.576440292513450877e-03 3.141372310977171879e-03 1.937577871323261107e-04 1.537541162531713473e-04 1.340636690449673160e-04 4.418818776693953377e-05 7.561456850013658563e-05 9.916537204018478768e-04 1.581097289279784863e-03 2.825414011170706771e-03 0.000000000000000000e+00 0.000000000000000000e+00 0.000000000000000000e+00 0.000000000000000000e+00 0.000000000000000000e+00
9.100000000000000000e+04 1.031387479971949267e-03 1.565099284730674719e-03 3.158372160289918060e-03 1.773114826750510342e-04 1.392897753220330166e-04 1.107273107878461137e-04 5.795564395428510151e-05 8.745670619229655926e-05 9.868959958281942144e-04 1.587164492888064196e-03 2.870361427607506354e-03 0.000000000000000000e+00 0.000000000000000000e+00 0.000000000000000000e+00 0.000000000000000000e+00 0.000000000000000000e+00
9.200000000000000000e+04 1.060917425929623799e-03 1.515734797347888805e-03 3.166722624554934966e-03 1.943381005312882180e-04 1.486012864933344228e-04 1.297102263624367463e-04 1.750583616293159464e-05 8.164908910765716985e-05 1.016219524318812389e-03 1.549596875610861251e-03 2.875030546368968938e-03 0.000000000000000000e+00 0.000000000000000000e+00 0.000000000000000000e+00 0.000000000000000000e+00 0.000000000000000000e+00
9.300000000000000000e+04 9.173336459395569362e-04 1.401411637674663049e-03 3.406298848986416203e-03 1.656903755666631309e-04 1.551959649276003674e-04 1.243434835831783419e-04 2.749965732179695041e-05 7.828657060157800658e-05 8.694970967300862889e-04 1.428185352714901775e-03 3.078830821158202048e-03 0.000000000000000000e+00 0.000000000000000000e+00 0.000000000000000000e+00 0.000000000000000000e+00 0.000000000000000000e+00
9.400000000000000000e+04 9.177313053110171086e-04 1.383960235058772411e-03 3.324588920569816839e-03 2.292388877603143606e-04 1.404207641876139732e-04 1.131460871990230848e-04 2.635001984311552704e-05 7.398661109975560295e-05 8.725886358359737039e-04 1.411350967867123270e-03 3.032158499717234248e-03 0.000000000000000000e+00 0.000000000000000000e+00 0.000000000000000000e+00 0.000000000000000000e+00 0.000000000000000000e+00
9.500000000000000000e+04 1.035474762783288776e-03 1.407995129542274253e-03 3.144483642827716838e-03 2.319052368831007506e-04 1.356805956546164804e-04 1.212864754659024664e-04 1.915837846443018013e-05 6.614764186288524565e-05 9.921906764493615850e-04 1.431931076723607504e-03 2.835570885417519615e-03 0.000000000000000000e+00 0.000000000000000000e+00 0.000000000000000000e+00 0.000000000000000000e+00 0.000000000000000000e+00
9.600000000000000000e+04 9.971163469801151442e-04 1.456761822751092075e-03 3.145944098443410886e-03 2.032697567653779644e-04 1.257178739452124115e-04 9.961769920016128911e-05 2.757394752640879017e-05 6.901928240175234401e-05 9.518950275542251973e-04 1.493576629567739669e-03 2.871007369789352424e-03 0.000000000000000000e+00 0.000000000000000000e+00 0.000000000000000000e+00 0.000000000000000000e+00 0.000000000000000000e+00
9.700000000000000000e+04 1.047987393379932802e-03 1.269617501802674077e-03 3.206496807583746056e-03 2.277219544418684048e-04 1.300350531209527839e-04 1.344498850694404528e-04 2.967423485840642549e-05 8.631174057322823763e-05 1.001792568622086963e-03 1.289464442841829327e-03 2.925488907455485715e-03 0.000000000000000000e+00 0.000000000000000000e+00 0.000000000000000000e+00 0.000000000000000000e+00 0.000000000000000000e+00
9.800000000000000000e+04 1.037869854090348433e-03 1.682498312883822303e-03 2.844463159449648563e-03 2.173153519019085619e-04 1.177364736915595953e-04 1.310380228434311004e-04 1.077240999057487949e-04 7.476669584025050024e-05 9.952923931771360828e-04 1.720181241058769614e-03 2.588578663711515668e-03 0.000000000000000000e+00 0.000000000000000000e+00 0.000000000000000000e+00 0.000000000000000000e+00 0.000000000000000000e+00
9.900000000000000000e+04 9.981370833371389084e-04 1.582271889913502375e-03 2.952549221392619140e-03 1.864173649787245442e-04 1.294083902205656229e-04 1.097659972507886384e-04 4.894874960225592466e-05 6.772530158494688207e-05 9.537017351880205376e-04 1.616335553419992552e-03 2.676575193944286026e-03 0.000000000000000000e+00 0.000000000000000000e+00 0.000000000000000000e+00 0.000000000000000000e+00 0.000000000000000000e+00
1.000000000000000000e+05 1.016412500891531335e-03 1.436676145489993763e-03 2.993808082043774264e-03 1.874232669392326381e-04 1.298731213320342582e-04 1.233563095435428461e-04 1.506990979154288997e-04 8.184194023856002889e-05 9.730501215015415102e-04 1.469187310085917067e-03 2.738511986350662501e-03 0.000000000000000000e+00 0.000000000000000000e+00 0.000000000000000000e+00 0.000000000000000000e+00 0.000000000000000000e+00
